100
0 1 1
0 2 3
0 3 6
0 4 4
1 2 13
1 3 7
1 4 11
1 5 13
2 3 4
2 4 1
2 5 5
2 6 14
3 4 6
3 5 2
3 6 14
3 7 2
4 5 14
4 6 17
4 7 18
4 8 15
5 6 1
5 7 4
5 8 13
5 9 18
6 7 5
6 8 15
6 9 10
6 10 18
7 8 8
7 9 7
7 10 5
7 11 2
8 9 10
8 10 6
8 11 8
8 12 1
9 10 6
9 11 13
9 12 11
9 13 6
10 11 7
10 12 12
10 13 13
10 14 3
11 12 16
11 13 12
11 14 2
11 15 17
12 13 5
12 14 19
12 15 6
12 16 12
13 14 16
13 15 9
13 16 7
13 17 1
14 15 13
14 16 1
14 17 14
14 18 10
15 16 19
15 17 5
15 18 17
15 19 14
16 17 5
16 18 12
16 19 6
16 20 8
17 18 14
17 19 8
17 20 9
17 21 6
18 19 5
18 20 10
18 21 10
18 22 13
19 20 3
19 21 7
19 22 18
19 23 9
20 21 2
20 22 14
20 23 18
20 24 15
21 22 17
21 23 13
21 24 13
21 25 7
22 23 14
22 24 15
22 25 8
22 26 8
23 24 17
23 25 19
23 26 5
23 27 9
24 25 19
24 26 18
24 27 11
24 28 1
25 26 17
25 27 9
25 28 19
25 29 12
26 27 1
26 28 14
26 29 2
26 30 5
27 28 3
27 29 12
27 30 19
27 31 6
28 29 15
28 30 15
28 31 8
28 32 5
29 30 5
29 31 15
29 32 13
29 33 1
30 31 8
30 32 17
30 33 11
30 34 3
31 32 1
31 33 9
31 34 6
31 35 14
32 33 12
32 34 5
32 35 5
32 36 6
33 34 12
33 35 12
33 36 5
33 37 9
34 35 2
34 36 11
34 37 7
34 38 15
35 36 5
35 37 15
35 38 15
35 39 17
36 37 8
36 38 9
36 39 12
36 40 12
37 38 2
37 39 3
37 40 2
37 41 4
38 39 9
38 40 13
38 41 2
38 42 16
39 40 8
39 41 19
39 42 15
39 43 1
40 41 8
40 42 10
40 43 15
40 44 4
41 42 2
41 43 18
41 44 18
41 45 18
42 43 11
42 44 16
42 45 7
42 46 4
43 44 15
43 45 6
43 46 19
43 47 6
44 45 4
44 46 19
44 47 17
44 48 5
45 46 2
45 47 15
45 48 11
45 49 17
46 47 16
46 48 6
46 49 5
46 50 10
47 48 9
47 49 18
47 50 17
47 51 1
48 49 8
48 50 15
48 51 13
48 52 17
49 50 4
49 51 7
49 52 7
49 53 4
50 51 17
50 52 3
50 53 3
50 54 5
51 52 18
51 53 12
51 54 16
51 55 5
52 53 10
52 54 3
52 55 9
52 56 19
53 54 2
53 55 11
53 56 10
53 57 10
54 55 10
54 56 8
54 57 5
54 58 5
55 56 1
55 57 15
55 58 9
55 59 17
56 57 18
56 58 3
56 59 3
56 60 14
57 58 7
57 59 14
57 60 6
57 61 13
58 59 6
58 60 3
58 61 8
58 62 2
59 60 18
59 61 8
59 62 6
59 63 4
60 61 9
60 62 9
60 63 16
60 64 13
61 62 13
61 63 7
61 64 10
61 65 8
62 63 9
62 64 11
62 65 1
62 66 7
63 64 8
63 65 6
63 66 16
63 67 1
64 65 15
64 66 17
64 67 2
64 68 12
65 66 19
65 67 15
65 68 11
65 69 8
66 67 7
66 68 1
66 69 5
66 70 2
67 68 9
67 69 3
67 70 4
67 71 11
68 69 9
68 70 17
68 71 5
68 72 10
69 70 18
69 71 6
69 72 18
69 73 2
70 71 7
70 72 16
70 73 7
70 74 12
71 72 11
71 73 15
71 74 17
71 75 1
72 73 3
72 74 2
72 75 8
72 76 17
73 74 18
73 75 2
73 76 17
73 77 11
74 75 19
74 76 15
74 77 12
74 78 1
75 76 7
75 77 12
75 78 2
75 79 6
76 77 17
76 78 4
76 79 10
76 80 9
77 78 17
77 79 12
77 80 1
77 81 12
78 79 12
78 80 5
78 81 17
78 82 16
79 80 8
79 81 10
79 82 15
79 83 15
80 81 19
80 82 5
80 83 9
80 84 5
81 82 17
81 83 12
81 84 17
81 85 5
82 83 10
82 84 19
82 85 18
82 86 13
83 84 9
83 85 16
83 86 17
83 87 2
84 85 1
84 86 15
84 87 4
84 88 18
85 86 9
85 87 9
85 88 14
85 89 13
86 87 19
86 88 6
86 89 18
86 90 18
87 88 7
87 89 5
87 90 13
87 91 12
88 89 6
88 90 18
88 91 5
88 92 18
89 90 11
89 91 7
89 92 7
89 93 16
90 91 3
90 92 17
90 93 3
90 94 8
91 92 13
91 93 19
91 94 19
91 95 4
92 93 13
92 94 2
92 95 7
92 96 7
93 94 19
93 95 14
93 96 5
93 97 1
94 95 17
94 96 4
94 97 8
94 98 9
95 96 9
95 97 12
95 98 1
95 99 11
96 97 18
96 98 18
96 99 2
96 0 18
97 98 13
97 99 18
97 0 6
97 1 10
98 99 7
98 0 17
98 1 15
98 2 9
99 0 15
99 1 17
99 2 10
99 3 9
